-0.000000,0.000002,1.000000,527.179464,-0.233445,0.972370,-0.000002,-108.078896,-0.972370,-0.233445,0.000000,0.000000,0.000000,0.000000,0.000000,1.000000
-0.000001,0.000002,1.000000,527.179375,-0.382683,0.923880,-0.000002,-63.078868,-0.923880,-0.382683,0.000000,0.000000,0.000000,0.000000,0.000000,1.000000
0.000000,0.000002,1.000000,527.179306,0.156434,0.987688,-0.000002,-178.078830,-0.987688,0.156434,0.000000,0.000000,0.000000,0.000000,0.000000,1.000000
0.000001,0.000002,1.000000,527.179410,0.382683,0.923880,-0.000002,-218.078729,-0.923880,0.382683,0.000000,0.000000,0.000000,0.000000,0.000000,1.000000
