0.000000,0.000002,1.000000,547.179480,0.000000,1.000000,-0.000002,-138.078991,-1.000000,0.000000,0.000000,0.000000,0.000000,0.000000,0.000000,1.000000
-0.000000,0.000002,1.000000,547.179741,-0.233445,0.972370,-0.000002,-118.078797,-0.972370,-0.233445,0.000000,0.000000,0.000000,0.000000,0.000000,1.000000
0.000000,0.000002,1.000000,547.179452,0.156434,0.987688,-0.000002,-158.078752,-0.987688,0.156434,0.000000,0.000000,0.000000,0.000000,0.000000,1.000000
0.000001,0.000002,1.000000,547.179539,0.382683,0.923880,-0.000002,-218.078821,-0.923880,0.382683,0.000000,0.000000,0.000000,0.000000,0.000000,1.000000
-0.000001,0.000002,1.000000,547.179694,-0.453990,0.891007,-0.000002,-53.078538,-0.891007,-0.453990,0.000000,0.000000,0.000000,0.000000,0.000000,1.000000
0.000000,0.000002,1.000000,557.179637,0.000000,1.000000,-0.000002,-138.079009,-1.000000,0.000000,0.000000,0.000000,0.000000,0.000000,0.000000,1.000000
