0.940219,0.113726,-0.321022,-22.681077,0.064413,0.866206,0.495518,31.599976,0.334424,-0.486573,0.807098,172.477781,0.000000,0.000000,0.000000,1.000000
0.963099,0.024936,-0.267990,-21.638070,0.078920,0.925768,0.369764,24.864503,0.257317,-0.377269,0.889638,156.213435,0.000000,0.000000,0.000000,1.000000
0.996676,-0.045957,-0.067275,-34.732406,0.022552,0.949079,-0.314230,-33.586911,0.078290,0.311669,0.946960,171.469206,0.000000,0.000000,0.000000,1.000000
0.959607,-0.003622,-0.281319,-19.435915,-0.007542,0.999227,-0.038590,-36.262724,0.281241,0.039153,0.958838,180.340382,0.000000,0.000000,0.000000,1.000000
