0.998160,0.034244,0.050036,-21.001047,0.033112,-0.999180,0.023296,-6.170765,0.050793,-0.021597,-0.998476,367.995034,0.000000,0.000000,0.000000,1.000000
0.997788,0.032342,0.058073,-22.550165,0.044546,-0.973789,-0.223046,71.658327,0.049337,0.225140,-0.973076,362.641923,0.000000,0.000000,0.000000,1.000000
0.998163,0.035701,0.048950,-20.070854,0.026172,-0.982753,0.183064,-53.018044,0.054641,-0.181447,-0.981882,365.227506,0.000000,0.000000,0.000000,1.000000
0.998562,0.035335,0.040317,-19.247142,0.016594,-0.918833,0.394297,-91.899403,0.050977,-0.393061,-0.918098,366.993466,0.000000,0.000000,0.000000,1.000000
0.997787,0.030309,0.059188,-25.135716,0.053029,-0.899723,-0.433228,107.099547,0.040122,0.435407,-0.899339,366.120957,0.000000,0.000000,0.000000,1.000000
0.997916,0.035001,0.054204,-13.078563,0.033994,-0.999234,0.019398,-5.169618,0.054842,-0.017515,-0.998341,367.798454,0.000000,0.000000,0.000000,1.000000
