0.974404,-0.016714,-0.224184,-26.545115,0.021816,0.999556,0.020303,-9.861067,0.223745,-0.024674,0.974335,146.346488,0.000000,0.000000,0.000000,1.000000
0.994645,-0.082371,-0.062415,-8.631915,0.096208,0.958573,0.268106,-8.971277,0.037746,-0.272676,0.961365,179.646795,0.000000,0.000000,0.000000,1.000000
0.960887,-0.037183,-0.274432,-21.892088,0.025603,0.998629,-0.045661,-9.455598,0.275753,0.036849,0.960522,149.913299,0.000000,0.000000,0.000000,1.000000
0.984049,-0.048246,-0.171232,-49.921796,0.028764,0.993008,-0.114486,-10.085488,0.175559,0.107734,0.978556,148.741672,0.000000,0.000000,0.000000,1.000000
0.981544,-0.184690,-0.049612,-24.779213,0.165699,0.950865,-0.261534,35.924258,0.095477,0.248486,0.963918,187.900033,0.000000,0.000000,0.000000,1.000000
